   7       0 loop0 0 0 0 0 0 0 0 0 0 0 0
   7       1 loop1 0 0 0 0 0 0 0 0 0 0 0
   7       2 loop2 0 0 0 0 0 0 0 0 0 0 0
   7       3 loop3 0 0 0 0 0 0 0 0 0 0 0
   7       4 loop4 0 0 0 0 0 0 0 0 0 0 0
   7       5 loop5 0 0 0 0 0 0 0 0 0 0 0
   7       6 loop6 0 0 0 0 0 0 0 0 0 0 0
   7       7 loop7 0 0 0 0 0 0 0 0 0 0 0
 254       0 zram0 3 0 24 0 2 0 16 0 0 0 0
  31       0 mtdblock0 0 0 0 0 0 0 0 0 0 0 0
  31       1 mtdblock1 0 0 0 0 0 0 0 0 0 0 0
  31       2 mtdblock2 0 0 0 0 0 0 0 0 0 0 0
  31       3 mtdblock3 0 0 0 0 0 0 0 0 0 0 0
  31       4 mtdblock4 0 0 0 0 0 0 0 0 0 0 0
  31       5 mtdblock5 150 5269 10838 4540 0 0 0 0 0 4530 4540
  31       6 mtdblock6 0 0 0 0 0 0 0 0 0 0 0
 179       0 mmcblk0 227 625 863 28090 10173 114277 343031 3307750 0 66520 3335810
 179       1 mmcblk0p1 226 625 855 28090 10173 114277 343031 3307750 0 66520 3335810
 254       1 zram1 0 0 0 0 0 0 0 0 0 0 0
